2.850000000000000000e+02
3.890000000000000000e+02
3.900000000000000000e+02
2.231000000000000000e+03
2.030000000000000000e+02
5.690000000000000000e+02
1.057000000000000000e+03
1.600000000000000000e+02
1.950000000000000000e+02
1.090000000000000000e+03
2.567000000000000000e+03
6.860000000000000000e+02
5.800000000000000000e+02
7.310000000000000000e+02
5.610000000000000000e+02
1.061000000000000000e+03
6.170000000000000000e+02
3.513000000000000000e+03
1.216000000000000000e+03
1.870000000000000000e+02
1.400000000000000000e+02
2.141000000000000000e+03
5.170000000000000000e+02
1.060000000000000000e+02
1.277000000000000000e+03
5.430000000000000000e+02
1.016000000000000000e+03
1.790000000000000000e+02
1.005000000000000000e+03
1.970000000000000000e+02
4.750000000000000000e+02
2.660000000000000000e+02
1.999000000000000000e+03
1.247000000000000000e+03
2.840000000000000000e+02
5.500000000000000000e+01
1.148000000000000000e+03
7.050000000000000000e+02
1.244000000000000000e+03
4.900000000000000000e+01
1.739000000000000000e+03
3.920000000000000000e+02
6.400000000000000000e+01
9.980000000000000000e+02
6.200000000000000000e+01
1.910000000000000000e+02
3.240000000000000000e+02
0.000000000000000000e+00
0.000000000000000000e+00
0.000000000000000000e+00
