nan
4.450000000000000000e+02
4.000000000000000000e+02
2.253000000000000000e+03
2.220000000000000000e+02
8.330000000000000000e+02
1.007000000000000000e+03
1.220000000000000000e+02
2.400000000000000000e+02
1.180000000000000000e+03
2.464000000000000000e+03
7.110000000000000000e+02
5.660000000000000000e+02
6.990000000000000000e+02
5.690000000000000000e+02
7.920000000000000000e+02
6.510000000000000000e+02
3.515000000000000000e+03
1.195000000000000000e+03
nan
nan
1.936000000000000000e+03
6.070000000000000000e+02
6.900000000000000000e+01
1.481000000000000000e+03
5.100000000000000000e+02
1.060000000000000000e+03
1.850000000000000000e+02
9.630000000000000000e+02
2.150000000000000000e+02
6.660000000000000000e+02
3.010000000000000000e+02
1.694000000000000000e+03
1.271000000000000000e+03
5.590000000000000000e+02
1.150000000000000000e+02
9.830000000000000000e+02
7.450000000000000000e+02
1.246000000000000000e+03
5.800000000000000000e+01
1.789000000000000000e+03
3.840000000000000000e+02
6.500000000000000000e+01
1.041000000000000000e+03
5.400000000000000000e+01
1.910000000000000000e+02
4.190000000000000000e+02
1.014000000000000000e+03
8.470000000000000000e+02
5.510000000000000000e+02
