5.817939999999999892e-26
8.688499999999999576e-48
3.020439999999999833e-43
0.000000000000000000e+00
2.709490000000000125e-22
1.530830000000000086e-69
3.548989999999999875e-137
1.306119999999999932e-11
4.395860000000000274e-17
3.882489999999999811e-149
0.000000000000000000e+00
9.685899999999999781e-82
2.509939999999999996e-74
2.176150000000000122e-89
1.044299999999999939e-69
7.288819999999999610e-127
1.902360000000000168e-71
0.000000000000000000e+00
1.146979999999999930e-143
2.472129999999999803e-16
2.765620000000000084e-12
0.000000000000000000e+00
2.527229999999999990e-65
5.689889999999999872e-07
9.619859999999999804e-178
3.594490000000000058e-69
1.213850000000000058e-135
1.051560000000000040e-13
3.940810000000000144e-137
8.079079999999999384e-18
2.683659999999999940e-54
1.085049999999999935e-26
0.000000000000000000e+00
9.596650000000000266e-175
1.301029999999999900e-26
9.033289999999999154e+00
5.106100000000000112e-132
7.450109999999999715e-93
1.507279999999999907e-154
8.713229999999999364e+00
0.000000000000000000e+00
1.133199999999999962e-50
4.002729999999999677e+00
1.456870000000000042e-137
6.501559999999999562e-01
5.406280000000000161e-20
3.711049999999999812e-33
0.000000000000000000e+00
0.000000000000000000e+00
0.000000000000000000e+00
