1.000000000000000000e+02
1.000000000000000000e+02
2.250000000000000211e-34
1.000000000000000000e+02
1.000000000000000000e+02
1.964999999999999932e-20
1.000000000000000000e+02
1.000000000000000000e+02
1.000000000000000000e+02
7.921000000000000328e-46
1.000000000000000000e+02
1.000000000000000000e+02
3.980999999999999817e-02
3.678000000000000046e-33
1.828999999999999959e+00
1.000000000000000000e+02
1.000000000000000000e+02
1.000000000000000000e+02
1.000000000000000000e+02
2.447000000000000140e-07
1.000000000000000000e+02
1.769000000000000056e-75
1.000000000000000000e+02
1.000000000000000000e+02
1.000000000000000000e+02
6.119999999999999681e-05
1.000000000000000000e+02
1.000000000000000000e+02
1.000000000000000000e+02
1.000000000000000000e+02
3.539999999999999652e-18
1.238999999999999982e-23
3.640999999999999906e-95
1.899000000000000047e-11
1.000000000000000000e+02
3.532999999999999918e+00
1.000000000000000000e+02
3.483000000000000002e-12
1.000000000000000000e+02
1.000000000000000000e+02
3.634999999999999808e-66
1.000000000000000000e+02
1.000000000000000000e+02
1.056000000000000075e-40
1.000000000000000000e+02
1.000000000000000000e+02
1.055000000000000003e-22
1.000000000000000000e+02
2.025999999999999899e-13
1.000000000000000000e+02
