0.000000000000000000e+00
0.000000000000000000e+00
1.308000000000000000e+03
0.000000000000000000e+00
0.000000000000000000e+00
6.560000000000000000e+02
0.000000000000000000e+00
0.000000000000000000e+00
0.000000000000000000e+00
1.954000000000000000e+03
0.000000000000000000e+00
0.000000000000000000e+00
1.000000000000000000e+02
9.580000000000000000e+02
3.300000000000000000e+01
0.000000000000000000e+00
0.000000000000000000e+00
0.000000000000000000e+00
0.000000000000000000e+00
1.630000000000000000e+02
0.000000000000000000e+00
3.426000000000000000e+03
0.000000000000000000e+00
0.000000000000000000e+00
0.000000000000000000e+00
1.400000000000000000e+02
0.000000000000000000e+00
0.000000000000000000e+00
0.000000000000000000e+00
0.000000000000000000e+00
5.640000000000000000e+02
4.750000000000000000e+02
3.223000000000000000e+03
5.120000000000000000e+02
0.000000000000000000e+00
3.300000000000000000e+01
0.000000000000000000e+00
5.720000000000000000e+02
0.000000000000000000e+00
0.000000000000000000e+00
2.871000000000000000e+03
0.000000000000000000e+00
0.000000000000000000e+00
1.697000000000000000e+03
0.000000000000000000e+00
0.000000000000000000e+00
8.490000000000000000e+02
0.000000000000000000e+00
5.900000000000000000e+02
0.000000000000000000e+00
