9.563399999999999509e-26
6.965749999999999399e-49
1.642190000000000114e-42
0.000000000000000000e+00
2.509679999999999874e-21
2.740250000000000161e-68
1.646640000000000023e-136
2.672180000000000175e-10
3.656520000000000200e-16
2.219830000000000132e-149
0.000000000000000000e+00
4.876639999999999558e-81
4.286219999999999846e-73
1.717560000000000045e-87
4.166459999999999925e-69
9.264339999999999401e-128
9.092470000000000100e-71
0.000000000000000000e+00
0.000000000000000000e+00
4.599399999999999756e-15
9.839910000000000145e-11
0.000000000000000000e+00
2.422269999999999795e-65
8.827009999999999365e-06
4.940410000000000114e-178
7.467989999999999977e-68
3.407149999999999825e-134
2.577620000000000077e-12
9.702420000000000824e-137
7.605759999999999810e-17
4.173290000000000007e-54
3.047129999999999996e-26
0.000000000000000000e+00
6.209890000000000106e-173
2.240029999999999939e-26
9.330000000000000071e+00
1.144040000000000019e-131
2.638840000000000138e-92
6.243800000000000028e-153
6.042730000000000246e+02
0.000000000000000000e+00
4.531070000000000267e-49
2.186040000000000134e+02
3.335029999999999994e-136
2.293840000000000146e+01
3.996489999999999756e-18
8.313850000000000529e-32
2.957850000000000166e-105
9.923699999999999534e-102
2.495490000000000186e-69
