nan
2.691480000000000200e-54
8.052069999999999908e-43
0.000000000000000000e+00
3.721980000000000170e-23
6.505360000000000566e-107
1.183539999999999998e-127
3.960869999999999907e-05
2.243479999999999953e-21
2.042759999999999864e-160
0.000000000000000000e+00
7.640049999999999884e-84
3.829729999999999925e-70
1.100269999999999986e-84
7.610099999999999587e-69
9.819050000000000141e-89
8.577309999999999581e-75
0.000000000000000000e+00
2.308970000000000117e-139
nan
nan
0.000000000000000000e+00
1.962069999999999943e-76
4.418549999999999756e+00
0.000000000000000000e+00
3.563759999999999874e-62
1.896630000000000014e-140
1.525340000000000042e-12
5.108630000000000194e-129
2.589529999999999964e-18
2.660850000000000003e-80
3.792869999999999962e-30
0.000000000000000000e+00
1.231570000000000051e-176
1.127230000000000064e-59
1.649550000000000156e-05
6.422459999999999975e-108
3.242310000000000222e-97
1.195610000000000038e-151
4.604260000000000019e+01
0.000000000000000000e+00
3.634029999999999761e-48
2.316459999999999866e+02
8.143780000000000468e-142
6.593049999999999500e+02
4.707049999999999925e-18
3.005079999999999846e-46
6.700889999999999934e-124
2.005800000000000037e-110
4.448340000000000002e-63
