5.200000000000000000e+01
4.450000000000000000e+02
3.990000000000000000e+02
1.160000000000000000e+02
4.100000000000000000e+01
1.170000000000000000e+02
5.200000000000000000e+01
6.300000000000000000e+01
5.000000000000000000e+01
1.141000000000000000e+03
5.800000000000000000e+01
4.700000000000000000e+01
4.800000000000000000e+01
6.140000000000000000e+02
4.700000000000000000e+01
5.100000000000000000e+01
5.200000000000000000e+01
5.900000000000000000e+01
5.200000000000000000e+01
5.000000000000000000e+01
4.500000000000000000e+01
1.928000000000000000e+03
3.900000000000000000e+01
4.800000000000000000e+01
5.300000000000000000e+01
3.900000000000000000e+01
4.600000000000000000e+01
1.090000000000000000e+02
8.700000000000000000e+01
7.500000000000000000e+01
2.280000000000000000e+02
2.750000000000000000e+02
1.691000000000000000e+03
3.800000000000000000e+01
4.800000000000000000e+01
4.000000000000000000e+01
1.440000000000000000e+02
4.000000000000000000e+01
7.100000000000000000e+01
5.600000000000000000e+01
1.784000000000000000e+03
4.100000000000000000e+01
5.500000000000000000e+01
1.041000000000000000e+03
5.400000000000000000e+01
4.400000000000000000e+01
0.000000000000000000e+00
0.000000000000000000e+00
0.000000000000000000e+00
0.000000000000000000e+00
