1.000000000000000000e+02
1.863000000000000172e-21
1.398000000000000082e-32
1.000000000000000000e+02
1.825000000000000160e-11
1.831000000000000039e-37
2.035000000000000163e-65
1.000000000000000000e+02
9.112999999999999361e-22
3.645999999999999910e-44
0.000000000000000000e+00
5.362000000000000286e-55
8.724999999999999796e-19
7.443000000000000354e-35
4.069000000000000018e-32
2.402000000000000022e-60
1.000000000000000000e+02
0.000000000000000000e+00
1.971000000000000001e-67
3.857999999999999976e-15
1.000000000000000000e+02
4.683999999999999701e-83
5.378999999999999916e-28
1.000000000000000000e+02
7.383000000000000563e-58
3.053000000000000195e-26
7.988999999999999589e-35
1.000000000000000000e+02
5.137000000000000264e-54
8.901000000000000392e-14
1.247000000000000020e-29
1.481000000000000105e-23
6.092999999999999953e-100
2.985999999999999922e-33
1.028000000000000062e-20
1.268999999999999946e-03
1.000000000000000000e+02
8.637999999999999861e-23
1.000000000000000000e+02
4.305999999999999828e-01
4.633000000000000175e-71
8.637999999999999797e-18
1.000000000000000000e+02
1.031999999999999966e-39
2.057000000000000155e-08
2.263999999999999838e-06
1.055000000000000003e-22
1.066999999999999923e-45
1.314000000000000053e-28
5.444000000000000054e-04
