2.810709999999999908e+01
6.737090000000000406e-57
2.304530000000000087e-45
6.282879999999999678e-07
2.896699999999999875e+01
1.115809999999999984e-07
1.195299999999999940e+01
7.862400000000000500e-01
1.071829999999999927e+01
6.192590000000000297e-157
3.350220000000000198e+00
4.720109999999999673e+01
1.449840000000000018e+01
1.449909999999999891e-75
2.219989999999999952e+01
3.408339999999999748e+01
1.095770000000000088e+01
3.165820000000000078e+00
3.103640000000000043e+01
9.530849999999999156e+00
1.120120000000000005e+01
0.000000000000000000e+00
1.922949999999999875e+02
7.248420000000000307e+00
4.746730000000000338e+00
1.611779999999999973e+02
4.503289999999999793e+01
3.425300000000000053e-06
3.287699999999999846e-04
1.078059999999999956e-02
1.962549999999999890e-21
4.822190000000000085e-29
0.000000000000000000e+00
2.981340000000000146e+02
4.289229999999999876e+01
1.175439999999999969e+02
7.131350000000000401e-10
1.516510000000000105e+02
7.164170000000000260e-02
2.493470000000000131e-01
0.000000000000000000e+00
3.287460000000000093e+01
1.024109999999999943e+01
2.038489999999999983e-144
1.680809999999999915e+00
1.638870000000000005e+01
6.161679999999999672e-23
1.700819999999999865e+01
8.412900000000000002e-23
2.759970000000000045e-03
