2.990000000000000000e+02
4.080000000000000000e+02
3.990000000000000000e+02
2.272000000000000000e+03
2.090000000000000000e+02
5.730000000000000000e+02
1.066000000000000000e+03
1.650000000000000000e+02
2.020000000000000000e+02
1.104000000000000000e+03
2.582000000000000000e+03
6.940000000000000000e+02
5.840000000000000000e+02
7.310000000000000000e+02
5.700000000000000000e+02
1.081000000000000000e+03
6.260000000000000000e+02
3.515000000000000000e+03
1.712000000000000000e+03
1.920000000000000000e+02
1.420000000000000000e+02
2.145000000000000000e+03
5.300000000000000000e+02
1.110000000000000000e+02
1.292000000000000000e+03
5.470000000000000000e+02
1.019000000000000000e+03
1.830000000000000000e+02
1.013000000000000000e+03
2.040000000000000000e+02
4.870000000000000000e+02
2.760000000000000000e+02
1.999000000000000000e+03
1.248000000000000000e+03
2.980000000000000000e+02
7.000000000000000000e+01
1.160000000000000000e+03
7.140000000000000000e+02
1.245000000000000000e+03
5.000000000000000000e+01
1.743000000000000000e+03
3.940000000000000000e+02
6.600000000000000000e+01
1.002000000000000000e+03
6.600000000000000000e+01
1.910000000000000000e+02
3.280000000000000000e+02
8.850000000000000000e+02
7.890000000000000000e+02
6.000000000000000000e+02
