0.000000000000000000e+00
5.230000000000000000e+02
1.208000000000000000e+03
0.000000000000000000e+00
3.410000000000000000e+02
1.407000000000000000e+03
1.789000000000000000e+03
0.000000000000000000e+00
6.350000000000000000e+02
1.853000000000000000e+03
3.933000000000000000e+03
1.738000000000000000e+03
1.012000000000000000e+03
1.201000000000000000e+03
1.167000000000000000e+03
1.321000000000000000e+03
0.000000000000000000e+00
6.704000000000000000e+03
2.920000000000000000e+03
4.020000000000000000e+02
0.000000000000000000e+00
3.843000000000000000e+03
1.074000000000000000e+03
0.000000000000000000e+00
2.338000000000000000e+03
8.000000000000000000e+02
1.715000000000000000e+03
0.000000000000000000e+00
1.934000000000000000e+03
6.400000000000000000e+02
1.051000000000000000e+03
5.170000000000000000e+02
3.756000000000000000e+03
1.830000000000000000e+03
7.730000000000000000e+02
1.250000000000000000e+02
0.000000000000000000e+00
1.147000000000000000e+03
0.000000000000000000e+00
5.200000000000000000e+01
3.076000000000000000e+03
6.700000000000000000e+02
0.000000000000000000e+00
1.624000000000000000e+03
3.520000000000000000e+02
2.240000000000000000e+02
8.240000000000000000e+02
1.603000000000000000e+03
1.384000000000000000e+03
1.090000000000000000e+02
