4.910269999999999868e+01
5.985599999999999810e+00
nan
3.950699999999999790e+01
1.874480000000000146e+01
1.755020000000000095e+02
2.942029999999999923e+00
8.342000000000000171e+01
2.765639999999999876e+00
6.414179999999999993e+00
1.655940000000000105e-24
1.874480000000000146e+01
9.968240000000000724e-09
2.997800000000000153e+01
8.582350000000000136e+02
1.848309999999999854e-15
4.170660000000000167e+01
5.148940000000000339e+01
1.339259999999999877e+02
nan
1.306439999999999912e+01
6.693479999999999563e+02
3.647800000000000153e+01
4.054509999999999614e+00
2.684549999999999843e-31
