4.800000000000000000e+01
4.200000000000000000e+01
4.500000000000000000e+01
4.400000000000000000e+01
5.100000000000000000e+01
9.900000000000000000e+01
5.300000000000000000e+01
6.000000000000000000e+01
2.440000000000000000e+02
3.800000000000000000e+01
8.000000000000000000e+01
5.100000000000000000e+01
1.650000000000000000e+02
4.200000000000000000e+01
6.000000000000000000e+01
2.000000000000000000e+02
5.600000000000000000e+01
4.600000000000000000e+01
5.600000000000000000e+01
1.610000000000000000e+02
5.400000000000000000e+01
9.600000000000000000e+01
1.150000000000000000e+02
4.500000000000000000e+01
3.630000000000000000e+02
