1.747850000000000037e+01
6.391499999999999915e+01
4.807339999999999947e+01
1.221260000000000048e+02
1.169469999999999921e+01
7.867839999999999535e-05
1.796730000000000160e+01
7.030889999999999640e-01
8.759740000000000776e-22
4.173890000000000100e+02
1.364040000000000044e-02
1.169469999999999921e+01
2.266059999999999939e-13
9.689220000000000610e+00
2.374550000000000161e+00
4.893559999999999713e-17
2.391389999999999905e+00
3.991629999999999967e+01
8.672950000000000159e+00
1.140919999999999949e-11
1.111209999999999987e+01
2.479909999999999775e-04
4.603880000000000062e-07
9.603170000000000073e+01
1.052229999999999946e-35
