5.000000000000000000e+01
5.600000000000000000e+01
nan
5.400000000000000000e+01
5.500000000000000000e+01
5.100000000000000000e+01
6.600000000000000000e+01
4.700000000000000000e+01
6.000000000000000000e+01
5.900000000000000000e+01
2.730000000000000000e+02
5.500000000000000000e+01
1.340000000000000000e+02
4.300000000000000000e+01
4.400000000000000000e+01
1.900000000000000000e+02
5.100000000000000000e+01
5.100000000000000000e+01
5.100000000000000000e+01
nan
5.600000000000000000e+01
4.700000000000000000e+01
5.100000000000000000e+01
6.200000000000000000e+01
3.320000000000000000e+02
